1
A=[1 2;3 4]
B=[5 5;7 8]
ans=A^2*B

A =

     1     2
     3     4


B =

     5     5
     7     8


ans =

   105   115
   229   251


2
A=[1 2 3;4 5 6;7 8 9]
B=[1 0 0;0 2 0;0 0 3]
ans1=A\B
ans2=A/B

A =

     1     2     3
     4     5     6
     7     8     9


B =

     1     0     0
     0     2     0
     0     0     3
警告: 矩阵接近奇异值，或者缩放不良。结果可能不准确。RCOND =  1.541976e-18。 > 位置：help (第 3 行) 

ans1 =

   1.0e+16 *

   -0.4504    1.8014   -1.3511
    0.9007   -3.6029    2.7022
   -0.4504    1.8014   -1.3511


ans2 =

    1.0000    1.0000    1.0000
    4.0000    2.5000    2.0000
    7.0000    4.0000    3.0000

3
A=[5+i,2-i,1;6*i,4,9-i]
ans1=A.'
ans2=A'

A =

   5.0000 + 1.0000i   2.0000 - 1.0000i   1.0000 + 0.0000i
   0.0000 + 6.0000i   4.0000 + 0.0000i   9.0000 - 1.0000i


ans1 =

   5.0000 + 1.0000i   0.0000 + 6.0000i
   2.0000 - 1.0000i   4.0000 + 0.0000i
   1.0000 + 0.0000i   9.0000 - 1.0000i


ans2 =

   5.0000 + 1.0000i   2.0000 - 1.0000i   1.0000 + 0.0000i
   0.0000 + 6.0000i   4.0000 + 0.0000i   9.0000 - 1.0000i

4
A=[1 2 3;4 5 6;7 8 9]
ans1 = A(1:2,3)%
ans2 = A(2:3,:)%

A =

     1     2     3
     4     5     6
     7     8     9


ans1 =

     3
     6


ans2 =

     4     5     6
     7     8     9

5
magic(4)
ans(:,4)=[]

ans =

    16     2     3    13
     5    11    10     8
     9     7     6    12
     4    14    15     1


ans =

    16     2     3
     5    11    10
     9     7     6
     4    14    15

6
roots([1,0,-2,-4])

ans =

   2.0000 + 0.0000i
  -1.0000 + 1.0000i
  -1.0000 - 1.0000i

7
A=[1.2 3 5 0.9;5 1.7 5 6;3 9 0 1;1 2 3 4]
P=poly(A)
Y=polyval(P,20)
Z=polyvalm(P,A)

A =

    1.2000    3.0000    5.0000    0.9000
    5.0000    1.7000    5.0000    6.0000
    3.0000    9.0000         0    1.0000
    1.0000    2.0000    3.0000    4.0000


P =

    1.0000   -6.9000  -77.2600  -86.1300  604.5500


Y =

   7.2778e+04


Z =

   1.0e-11 *

    0.1364    0.1938    0.0196    0.0824
    0.1137    0.2956    0.1258    0.0682
    0.1904    0.0242    0.2387    0.2046
    0.1023    0.1513    0.0597    0.0455

8
t=0:0.01:4*pi;
x1=10*sin(t)
plot(t,x1,'r+')
axis euqal%

9